0.931821393474781
0.925147861759923
0.918244970412545
0.969125572249914
0.939824569871372
0.906974826685101
0.93988427877284
0.993221841066971
0.986421655368819
0.921726189089678
0.92087335094026
0.947917905266352
0.961525873216982
0.949399154494835
0.997254649378101
0.978893344951767
0.994004567269129
0.925395966089378
0.902639957606959
0.995206549325049
0.923662677515676
0.994806246957446
0.998954134961448
0.98752320813055
0.924289376251569
0.915526814134967
0.984256528032445
0.961472888958031
0.996793781751688
1.15890066388464
1.20815704237879
1.27971551816681
1.34588030657066
1.37020434232511
1.49710690130811
1.51640253082696
1.48377552736332
1.55027668325077
1.58606068784369
1.58179725751984
1.64256507071609
1.7659433622126
1.78275164415347
1.76054196526502
1.73307890134603
1.69147817023544
1.86137463394526
1.71434242751853
1.72006913369105
1.82386312135205
1.77221909802164
1.88680479361551
1.91564942880158
1.82247649843819
1.91698618840439
1.81913678625126
1.83220575011592
1.93953718606599
1.87445498381934
1.92814156982087
1.83104933721745
1.82031485607662
1.78000775462172
1.92796357790751
1.92707008658167
1.91057987991186
1.86365507988987
1.97464903215515
1.92791058330408
1.84547598435404
1.89331241118546
1.98431491043146
1.85359334324989
1.85426259786669
1.94429568052963
1.83406874007831
1.87904605887574
1.94887762883965
1.90798050160776
1.97779393605919
1.88513104135042
1.99497048794931
1.81604922543324
1.80972583430757
1.91391130028227
1.82489925763321
1.99377503142467
1.81297437924177
1.86535767674658
1.89861603606636
1.79952189823738
1.86681729968386
1.94266396547747
1.93175096169089
1.9646740916821
1.82695831418294
1.92180026800678
1.8837930843087
1.8851923032147
1.99316318075969
1.96882725069764
1.87845049999324
1.81730654367936
1.81204042719421
1.8165219342329
1.80225445984481
1.97144210867284
1.92478184123635
1.81486123797928
1.84626227885223
1.95073541777313
1.82414250298673
1.97173771582277
1.92154520864162
1.86504697469381
1.86564926422684
1.99041964710309
1.94960409670543
1.80355012353068
1.99056534543895
1.92467823067726
1.97583240835373
1.98845396827865
1.88261964667344
1.98744216769111
1.94655313624472
1.86117398422456
1.80106061073601
1.83742970247868
1.90463348959683
1.81979915575009
1.84314405945008
1.96391245172911
1.8814689856908
1.94957935625974
1.96701078741124
1.84725290496708
1.91941619504924
1.99054499894172
1.94494607047168
1.95688685033271
1.87613581874091
1.97211162800494
1.92761426784175
1.86263976961182
1.94147753125862
1.972984574476
1.91215175062864
1.87409974382904

